folder = '/Users/TwainCacekHD/Desktop/Grad School (2020-2021)/Research/Data/TH002_L1_2020-07-28_RMD2_RawData';
lonFile = '/Users/TwainCacekHD/Desktop/Grad School (2020-2021)/Research/Data/TH002_L1_2020-07-28_RMD2_RawData/TH002_L1_2020-07-28_rdm2__021.csv';
swerveFile = '/Users/TwainCacekHD/Desktop/Grad School (2020-2021)/Research/Data/TH002_L1_2020-07-28_RMD2_RawData/TH002_L1_sw_2020-07-28_rdm2__026.csv';
allData = '/Users/TwainCacekHD/Desktop/Grad School (2020-2021)/Research/Data/Presentation Data';
notLon = '/Users/TwainCacekHD/Desktop/Grad School (2020-2021)/Research/Data/Presentation Data/TH002_L1_2020-07-28_RMD2_RawData/TH002_L1_2020-07-28_rdm2__015.csv';
folder727Path = "/Users/TwainCacekHD/Desktop/Grad School (2020-2021)/Research/Data/TH002_L1_2020-07-27_RMD2_RawData";
folder728Path = "/Users/TwainCacekHD/Desktop/Grad School (2020-2021)/Research/Data/TH002_L1_2020-07-28_RMD2_RawData";
swerveFiles727 = ["TH002_sw_2020-07-27_rdm2__001.csv"
"TH002_sw_2020-07-27_rdm2__002.csv"
"TH002_sw_2020-07-27_rdm2__003-.csv"
"TH002_sw_2020-07-27_rdm2__003.csv"
"TH002_sw_2020-07-27_rdm2__004.csv"
"TH002_sw_2020-07-27_rdm2__008.csv"
"TH002_sw_2020-07-27_rdm2__010.csv"
"TH002_sw_2020-07-27_rdm2__011.csv"
"TH002_sw_2020-07-27_rdm2__012.csv"
"TH002_sw_2020-07-27_rdm2__013.csv"
"TH002_sw_2020-07-27_rdm2__014.csv"
"TH002_sw_2020-07-27_rdm2__015.csv"
"TH002_sw_2020-07-27_rdm2__016.csv"
"TH002_sw_2020-07-27_rdm2__017.csv"
"TH002_sw_2020-07-27_rdm2__019.csv"
"TH002_sw_2020-07-27_rdm2__020.csv"
"TH002_sw_2020-07-27_rdm2__021.csv"
"TH002_sw_2020-07-27_rdm2__022.csv"
"TH002_sw_2020-07-27_rdm2__023.csv"];
swerveFilePaths727 = folder727Path + "/" + swerveFiles727;
swerveFiles728 = ["TH002_L1_sw_2020-07-28_rdm2__001.csv"
"TH002_L1_sw_2020-07-28_rdm2__002.csv"
"TH002_L1_sw_2020-07-28_rdm2__003.csv"
"TH002_L1_sw_2020-07-28_rdm2__004.csv"
"TH002_L1_sw_2020-07-28_rdm2__005.csv"
"TH002_L1_sw_2020-07-28_rdm2__006.csv"
"TH002_L1_sw_2020-07-28_rdm2__007.csv"
"TH002_L1_sw_2020-07-28_rdm2__009.csv"
"TH002_L1_sw_2020-07-28_rdm2__010.csv"
"TH002_L1_sw_2020-07-28_rdm2__011.csv"
"TH002_L1_sw_2020-07-28_rdm2__012.csv"
"TH002_L1_sw_2020-07-28_rdm2__013.csv"
"TH002_L1_sw_2020-07-28_rdm2__014.csv"
"TH002_L1_sw_2020-07-28_rdm2__015.csv"
"TH002_L1_sw_2020-07-28_rdm2__016.csv"
"TH002_L1_sw_2020-07-28_rdm2__017.csv"
"TH002_L1_sw_2020-07-28_rdm2__018.csv"
"TH002_L1_sw_2020-07-28_rdm2__019.csv"
"TH002_L1_sw_2020-07-28_rdm2__020.csv"
"TH002_L1_sw_2020-07-28_rdm2__021.csv"
"TH002_L1_sw_2020-07-28_rdm2__022.csv"
"TH002_L1_sw_2020-07-28_rdm2__023.csv"
"TH002_L1_sw_2020-07-28_rdm2__024.csv"
"TH002_L1_sw_2020-07-28_rdm2__025.csv"
"TH002_L1_sw_2020-07-28_rdm2__026.csv"
"TH002_L1_sw_2020-07-28_rdm2__027.csv"
"TH002_L1_sw_2020-07-28_rdm2__028.csv"
"TH002_L1_sw_2020-07-28_rdm2__029.csv"
"TH002_L1_sw_2020-07-28_rdm2__21.csv"
"TH002_sw_2020-07-28_rdm2__030.csv"
"TH002_sw_2020-07-28_rdm2__031.csv"
"TH002_sw_2020-07-28_rdm2__032.csv"];
swerveFilePaths728 = folder728Path + "/" + swerveFiles728;
swerveFilePaths = [swerveFilePaths727; swerveFilePaths728];
